#JPSFMThreader Format 

   1 M C   0.887  0.053  0.060  0.000
   2 E C   0.685  0.176  0.120  0.020
   3 L C   0.412  0.302  0.212  0.074
   4 P C   0.387  0.344  0.215  0.054
   5 I H   0.239  0.552  0.132  0.077
   6 A H   0.167  0.610  0.091  0.133
   7 P H   0.142  0.654  0.101  0.104
   8 I H   0.060  0.788  0.033  0.119
   9 G H   0.078  0.779  0.046  0.098
  10 R H   0.093  0.774  0.061  0.072
  11 I H   0.112  0.782  0.053  0.054
  12 I H   0.105  0.784  0.074  0.037
  13 K H   0.094  0.752  0.138  0.016
  14 D H   0.100  0.703  0.187  0.010
  15 A H   0.123  0.606  0.256  0.015
  16 G T   0.260  0.291  0.416  0.033
  17 A H   0.271  0.392  0.273  0.064
  18 E H   0.207  0.391  0.325  0.077
  19 R H   0.287  0.397  0.219  0.097
  20 V C   0.410  0.298  0.103  0.189
  21 S C   0.590  0.206  0.097  0.106
  22 D H   0.056  0.688  0.247  0.010
  23 D H   0.025  0.728  0.231  0.015
  24 A H   0.145  0.736  0.102  0.016
  25 R H   0.030  0.835  0.100  0.035
  26 I H   0.035  0.813  0.123  0.029
  27 T H   0.029  0.720  0.221  0.029
  28 L H   0.221  0.572  0.187  0.020
  29 A H   0.154  0.716  0.114  0.015
  30 K H   0.034  0.798  0.148  0.020
  31 I H   0.065  0.749  0.127  0.060
  32 L H   0.076  0.705  0.134  0.085
  33 E H   0.101  0.686  0.125  0.089
  34 E H   0.108  0.661  0.124  0.107
  35 M H   0.166  0.546  0.152  0.137
  36 G H   0.158  0.660  0.078  0.104
  37 R H   0.058  0.702  0.183  0.057
  38 D H   0.109  0.650  0.163  0.078
  39 I H   0.135  0.626  0.184  0.054
  40 A H   0.074  0.734  0.140  0.051
  41 S H   0.046  0.743  0.161  0.050
  42 E H   0.085  0.721  0.169  0.025
  43 A H   0.084  0.597  0.209  0.110
  44 I H   0.146  0.614  0.095  0.145
  45 K H   0.161  0.626  0.058  0.155
  46 L H   0.164  0.623  0.079  0.133
  47 A H   0.226  0.625  0.098  0.051
  48 R H   0.170  0.580  0.152  0.098
  49 H H   0.081  0.571  0.247  0.101
  50 A H   0.138  0.431  0.412  0.020
  51 G T   0.121  0.300  0.569  0.010
  52 R H   0.304  0.342  0.315  0.039
  53 K T   0.164  0.286  0.488  0.063
  54 T T   0.212  0.242  0.361  0.186
  55 I C   0.402  0.280  0.127  0.191
  56 K C   0.484  0.283  0.076  0.158
  57 A H   0.070  0.769  0.124  0.038
  58 E H   0.049  0.810  0.092  0.049
  59 D H   0.058  0.837  0.064  0.041
  60 I H   0.068  0.821  0.022  0.089
  61 E H   0.073  0.799  0.044  0.083
  62 L H   0.044  0.808  0.069  0.079
  63 A H   0.067  0.776  0.079  0.078
  64 V H   0.081  0.752  0.082  0.086
  65 R H   0.133  0.701  0.134  0.033
  66 R H   0.207  0.543  0.179  0.071
  67 F H   0.249  0.373  0.313  0.066
  68 K C   0.600  0.197  0.166  0.037
  69 K C   0.995  0.000  0.005  0.000
