#JPSFMThreader Format 

   1 M E   0.000  0.005  0.995
   2 E E   0.010  0.086  0.904
   3 L E   0.054  0.147  0.799
   4 P E   0.043  0.159  0.799
   5 I E   0.072  0.291  0.636
   6 A E   0.065  0.151  0.784
   7 P E   0.045  0.296  0.659
   8 I B   0.587  0.244  0.170
   9 G E   0.088  0.360  0.552
  10 R E   0.026  0.159  0.815
  11 I B   0.349  0.308  0.344
  12 I B   0.458  0.341  0.201
  13 K E   0.042  0.170  0.788
  14 D E   0.015  0.055  0.930
  15 A E   0.102  0.310  0.589
  16 G E   0.136  0.169  0.695
  17 A E   0.091  0.315  0.595
  18 E E   0.051  0.109  0.840
  19 R E   0.031  0.195  0.774
  20 V B   0.446  0.350  0.204
  21 S E   0.075  0.175  0.750
  22 D E   0.020  0.167  0.813
  23 D E   0.067  0.169  0.764
  24 A B   0.365  0.364  0.271
  25 R E   0.232  0.234  0.533
  26 I E   0.010  0.138  0.852
  27 T E   0.179  0.307  0.514
  28 L I   0.347  0.405  0.249
  29 A E   0.128  0.162  0.709
  30 K E   0.030  0.243  0.727
  31 I E   0.189  0.307  0.504
  32 L E   0.254  0.274  0.472
  33 E E   0.047  0.212  0.741
  34 E E   0.175  0.196  0.628
  35 M E   0.210  0.344  0.446
  36 G E   0.297  0.271  0.432
  37 R E   0.010  0.110  0.880
  38 D E   0.069  0.249  0.682
  39 I B   0.402  0.281  0.317
  40 A E   0.137  0.325  0.538
  41 S E   0.010  0.102  0.888
  42 E E   0.068  0.333  0.599
  43 A E   0.285  0.295  0.420
  44 I E   0.202  0.256  0.542
  45 K E   0.019  0.185  0.796
  46 L B   0.385  0.317  0.297
  47 A E   0.347  0.221  0.432
  48 R E   0.035  0.239  0.727
  49 H E   0.106  0.176  0.717
  50 A E   0.148  0.182  0.670
  51 G E   0.067  0.182  0.751
  52 R E   0.079  0.226  0.695
  53 K E   0.023  0.149  0.828
  54 T E   0.092  0.237  0.671
  55 I B   0.368  0.266  0.367
  56 K E   0.040  0.339  0.621
  57 A E   0.173  0.359  0.468
  58 E E   0.034  0.178  0.788
  59 D E   0.256  0.305  0.440
  60 I B   0.510  0.256  0.233
  61 E E   0.189  0.282  0.529
  62 L E   0.114  0.178  0.708
  63 A I   0.271  0.375  0.354
  64 V E   0.333  0.291  0.376
  65 R E   0.039  0.133  0.829
  66 R E   0.005  0.140  0.855
  67 F E   0.042  0.165  0.793
  68 K E   0.016  0.097  0.887
  69 K E   0.000  0.015  0.985
